# Camera list with one line of data per camera:
#   CAMERA_ID, MODEL, WIDTH, HEIGHT, PARAMS[]
# Number of cameras: 98
1 SIMPLE_RADIAL 800 800 1089.4027714620738 400 400 -0.025101334669036707
2 SIMPLE_RADIAL 800 800 1087.793533789654 400 400 0.03055758177215831
3 SIMPLE_RADIAL 800 800 1089.2950933508846 400 400 0.034884984943734279
4 SIMPLE_RADIAL 800 800 1089.8658032529022 400 400 0.018925008165703992
5 SIMPLE_RADIAL 800 800 1088.7529829508555 400 400 0.011543843422030223
6 SIMPLE_RADIAL 800 800 1102.5228539927389 400 400 -0.0047269897519722813
7 SIMPLE_RADIAL 800 800 1105.5909200358735 400 400 0.027153193115467416
8 SIMPLE_RADIAL 800 800 1123.8529303618263 400 400 -0.43616214624672067
9 SIMPLE_RADIAL 800 800 1100.3855145971404 400 400 0.045589875300822653
10 SIMPLE_RADIAL 800 800 1047.1991613036071 400 400 -0.025898847295532899
11 SIMPLE_RADIAL 800 800 1105.2109911754781 400 400 -0.3608400516742602
12 SIMPLE_RADIAL 800 800 1092.0990548760935 400 400 -0.010973176607447954
13 SIMPLE_RADIAL 800 800 1089.7342808344956 400 400 0.044420545351125607
14 SIMPLE_RADIAL 800 800 1099.5151619376538 400 400 -0.0015499425287467399
15 SIMPLE_RADIAL 800 800 1098.9319418384005 400 400 0.028987809687038811
16 SIMPLE_RADIAL 800 800 1201.9352550006849 400 400 -0.36132454202185615
17 SIMPLE_RADIAL 800 800 1089.913316886624 400 400 0.058311613965542859
18 SIMPLE_RADIAL 800 800 1101.8807458317845 400 400 0.032436389337629899
19 SIMPLE_RADIAL 800 800 1560.1373655389398 400 400 -0.48477291840873721
20 SIMPLE_RADIAL 800 800 1094.3053993945366 400 400 -0.047150417489591201
21 SIMPLE_RADIAL 800 800 1093.7787765402072 400 400 0.013518631117640595
22 SIMPLE_RADIAL 800 800 1103.4274793275456 400 400 0.0039367689298209548
23 SIMPLE_RADIAL 800 800 1103.6646987199183 400 400 0.016250218846915243
24 SIMPLE_RADIAL 800 800 1101.2441011407168 400 400 0.025309408237345427
25 SIMPLE_RADIAL 800 800 1127.5502224774971 400 400 -0.34648046394699356
26 SIMPLE_RADIAL 800 800 1105.582214986656 400 400 0.031332541949949659
27 SIMPLE_RADIAL 800 800 1118.9313888526481 400 400 0.049811907696966133
28 SIMPLE_RADIAL 800 800 1103.7798949826083 400 400 0.041350589481167481
29 SIMPLE_RADIAL 800 800 1083.8471844162507 400 400 0.087484050371260724
30 SIMPLE_RADIAL 800 800 1086.3109605366992 400 400 0.067715597975203226
31 SIMPLE_RADIAL 800 800 1099.9879813413409 400 400 0.049721146205977736
32 SIMPLE_RADIAL 800 800 1115.8870403115359 400 400 -0.36185913067635617
33 SIMPLE_RADIAL 800 800 1086.1849886331756 400 400 0.057251606070369505
34 SIMPLE_RADIAL 800 800 1087.931235622005 400 400 0.0038066554305505708
35 SIMPLE_RADIAL 800 800 1120.9413762405295 400 400 -0.40520102147965692
36 SIMPLE_RADIAL 800 800 1083.0740231276247 400 400 0.076005328926247936
37 SIMPLE_RADIAL 800 800 1092.6309210383527 400 400 -0.049894344079041565
38 SIMPLE_RADIAL 800 800 1103.3728428103827 400 400 -0.052043350894716803
39 SIMPLE_RADIAL 800 800 1108.0096804303464 400 400 0.038257722299821537
40 SIMPLE_RADIAL 800 800 1104.1246604554722 400 400 0.043608775877653175
41 SIMPLE_RADIAL 800 800 1089.6194617210308 400 400 0.065271070594003347
42 SIMPLE_RADIAL 800 800 1067.0895894592334 400 400 0.11036555441022933
43 SIMPLE_RADIAL 800 800 1083.1536763997096 400 400 0.02300999964681881
45 SIMPLE_RADIAL 800 800 1096.9420008062068 400 400 0.065538856280260516
46 SIMPLE_RADIAL 800 800 1098.7648741447142 400 400 0.036373585735619385
47 SIMPLE_RADIAL 800 800 1099.6990634193999 400 400 -0.006545877488498779
48 SIMPLE_RADIAL 800 800 1086.9681433590574 400 400 0.040118780913567659
49 SIMPLE_RADIAL 800 800 1094.4392081505273 400 400 0.05981895156826092
50 SIMPLE_RADIAL 800 800 1102.1478674327802 400 400 0.039150267608348222
51 SIMPLE_RADIAL 800 800 1087.460114589567 400 400 0.067639065351037073
52 SIMPLE_RADIAL 800 800 1096.4234203607336 400 400 -0.019221915673177284
53 SIMPLE_RADIAL 800 800 1109.8950218364303 400 400 0.0079040575749513217
54 SIMPLE_RADIAL 800 800 1086.1286136889385 400 400 0.011910849132034933
55 SIMPLE_RADIAL 800 800 1096.0248652313642 400 400 0.053391643570220811
56 SIMPLE_RADIAL 800 800 1326.9134460231885 400 400 -0.41235307944071986
57 SIMPLE_RADIAL 800 800 1099.8618177447163 400 400 0.027675977115326243
58 SIMPLE_RADIAL 800 800 1089.3195144572148 400 400 0.064819568956637472
59 SIMPLE_RADIAL 800 800 1091.3272898882099 400 400 0.0049204388441249332
60 SIMPLE_RADIAL 800 800 1104.7698669385329 400 400 0.016975666768725837
61 SIMPLE_RADIAL 800 800 1102.8420798518389 400 400 -0.0048957890824302261
62 SIMPLE_RADIAL 800 800 1092.7850815382428 400 400 -0.034404977578087914
63 SIMPLE_RADIAL 800 800 1119.0832194477891 400 400 -0.009581151077252114
64 SIMPLE_RADIAL 800 800 1091.4736950075549 400 400 0.054485543768962419
65 SIMPLE_RADIAL 800 800 1085.1765967744072 400 400 -0.0064279314299523225
66 SIMPLE_RADIAL 800 800 1092.502392964413 400 400 -0.011240635439832603
67 SIMPLE_RADIAL 800 800 1100.4616849280897 400 400 0.057513094126201411
68 SIMPLE_RADIAL 800 800 1112.9905926709482 400 400 -0.058216590037609879
69 SIMPLE_RADIAL 800 800 1098.2884212363874 400 400 -0.038996209571420817
70 SIMPLE_RADIAL 800 800 1096.1015136976891 400 400 0.010855209636021497
71 SIMPLE_RADIAL 800 800 1070.9275133080753 400 400 -0.027522426020472047
72 SIMPLE_RADIAL 800 800 1095.8733014531867 400 400 0.0029678059182953833
73 SIMPLE_RADIAL 800 800 1112.119817248561 400 400 -0.42346238232112315
74 SIMPLE_RADIAL 800 800 1091.3342987366989 400 400 -0.025183078808490869
75 SIMPLE_RADIAL 800 800 1105.9594855951066 400 400 0.025692053945645044
76 SIMPLE_RADIAL 800 800 1124.7168266341416 400 400 -0.33953188841238158
77 SIMPLE_RADIAL 800 800 1086.9889576761195 400 400 0.072981730281174703
78 SIMPLE_RADIAL 800 800 1090.4395492878145 400 400 0.0095450991500093639
79 SIMPLE_RADIAL 800 800 1088.3743913730605 400 400 0.040820720619526442
80 SIMPLE_RADIAL 800 800 1094.8127798633998 400 400 0.035322145643608104
81 SIMPLE_RADIAL 800 800 1086.2670124727133 400 400 0.039124346355908078
82 SIMPLE_RADIAL 800 800 1084.7616212589251 400 400 0.0010513945150948275
83 SIMPLE_RADIAL 800 800 1092.4531438932349 400 400 0.036900349490354249
84 SIMPLE_RADIAL 800 800 1121.7094812133321 400 400 0.06050892354634347
85 SIMPLE_RADIAL 800 800 1101.4731608675418 400 400 0.031578967501144244
86 SIMPLE_RADIAL 800 800 1107.1763920550827 400 400 0.05339314853690641
87 SIMPLE_RADIAL 800 800 1109.459114218901 400 400 0.045712695436042713
88 SIMPLE_RADIAL 800 800 1082.4595931686015 400 400 -0.00082437464111825972
89 SIMPLE_RADIAL 800 800 1109.5540575078512 400 400 -0.024847460381137661
90 SIMPLE_RADIAL 800 800 1087.8162418106451 400 400 0.051083159976638454
91 SIMPLE_RADIAL 800 800 1093.0425760870571 400 400 0.039437632541696251
93 SIMPLE_RADIAL 800 800 1097.5714293471679 400 400 0.028921165751622513
94 SIMPLE_RADIAL 800 800 1111.8105644456764 400 400 0.02672750427429477
95 SIMPLE_RADIAL 800 800 1088.3094678415443 400 400 0.063360348484505197
96 SIMPLE_RADIAL 800 800 1067.070961104361 400 400 -0.027397483702362588
97 SIMPLE_RADIAL 800 800 1086.5758974205987 400 400 0.073242683928785024
98 SIMPLE_RADIAL 800 800 1088.5953817209229 400 400 0.048054931627913779
99 SIMPLE_RADIAL 800 800 1111.3450813463505 400 400 0.036464645377552903
100 SIMPLE_RADIAL 800 800 1099.296939674138 400 400 0.04393602099654486
