# Camera list with one line of data per camera:
#   CAMERA_ID, MODEL, WIDTH, HEIGHT, PARAMS[]
# Number of cameras: 100
1 SIMPLE_RADIAL 800 800 1119.2230665763195 400 400 -0.052395711104492496
2 SIMPLE_RADIAL 800 800 1102.8584080868754 400 400 -0.0014135551595024056
3 SIMPLE_RADIAL 800 800 1113.4222747057645 400 400 -0.010929808691908604
4 SIMPLE_RADIAL 800 800 1110.0559137060243 400 400 -0.045648864494814867
5 SIMPLE_RADIAL 800 800 1091.6081994593674 400 400 0.0048931210043671233
6 SIMPLE_RADIAL 800 800 1112.2012573499653 400 400 -0.017975746963732483
7 SIMPLE_RADIAL 800 800 1113.5077510430974 400 400 -0.0050430278037071107
8 SIMPLE_RADIAL 800 800 1117.9764496403909 400 400 -0.044945572226564562
9 SIMPLE_RADIAL 800 800 1107.7569278871069 400 400 -0.0064210260455464987
10 SIMPLE_RADIAL 800 800 1103.5482647579515 400 400 -0.010956710652759835
11 SIMPLE_RADIAL 800 800 1110.610896903886 400 400 0.003894896338246238
12 SIMPLE_RADIAL 800 800 1109.4275151921772 400 400 -0.0011699290364997493
13 SIMPLE_RADIAL 800 800 1109.1738891714563 400 400 0.0033244241169892038
14 SIMPLE_RADIAL 800 800 1101.9956733011054 400 400 0.014220924989874631
15 SIMPLE_RADIAL 800 800 1095.5614615889353 400 400 0.013639949309523176
16 SIMPLE_RADIAL 800 800 1101.7567168825208 400 400 0.011055264314415227
17 SIMPLE_RADIAL 800 800 1113.0152882852062 400 400 -0.0046139652601928068
18 SIMPLE_RADIAL 800 800 1122.7373748144314 400 400 0.015053072956821777
19 SIMPLE_RADIAL 800 800 1105.4251237478225 400 400 0.010010887541555467
20 SIMPLE_RADIAL 800 800 1094.7761563480319 400 400 0.0078282748097688662
21 SIMPLE_RADIAL 800 800 1107.2848932309923 400 400 -0.00054370032448319123
22 SIMPLE_RADIAL 800 800 1122.6423877615657 400 400 -0.042487449504514649
23 SIMPLE_RADIAL 800 800 1111.8059111402895 400 400 0.0079150605599962159
24 SIMPLE_RADIAL 800 800 1115.9882831792015 400 400 -0.071474966064561066
25 SIMPLE_RADIAL 800 800 1102.2857101620798 400 400 -0.20380265139950685
26 SIMPLE_RADIAL 800 800 1101.3018822170152 400 400 0.016097416731823591
27 SIMPLE_RADIAL 800 800 1111.3897235593017 400 400 0.010455957429504652
28 SIMPLE_RADIAL 800 800 1111.4625437777152 400 400 -0.010002540231871821
29 SIMPLE_RADIAL 800 800 1097.2231585053839 400 400 -0.040226746739192576
30 SIMPLE_RADIAL 800 800 1113.3697243377321 400 400 -0.0052436238085902505
31 SIMPLE_RADIAL 800 800 1097.4464512263592 400 400 0.0063223739699065518
32 SIMPLE_RADIAL 800 800 1117.7189987718598 400 400 -0.013904732164204812
33 SIMPLE_RADIAL 800 800 1099.9346123132811 400 400 0.0010127274622127704
34 SIMPLE_RADIAL 800 800 1114.9326302862733 400 400 0.0077637769521873585
35 SIMPLE_RADIAL 800 800 1118.1921814742627 400 400 -0.010710601200343318
36 SIMPLE_RADIAL 800 800 1092.8123057053556 400 400 0.01113953327690507
37 SIMPLE_RADIAL 800 800 1110.6404184990263 400 400 -0.016202041839251103
38 SIMPLE_RADIAL 800 800 1114.2857104739232 400 400 -0.016396382909242269
39 SIMPLE_RADIAL 800 800 1112.6091093609375 400 400 -0.026797100160303268
40 SIMPLE_RADIAL 800 800 1112.8525580456821 400 400 -0.0023809889554262747
41 SIMPLE_RADIAL 800 800 1111.5122680600045 400 400 -0.022916301473209458
42 SIMPLE_RADIAL 800 800 1128.3079698010001 400 400 -0.068361907507510519
43 SIMPLE_RADIAL 800 800 1064.0536808049776 400 400 -0.39763573419910475
44 SIMPLE_RADIAL 800 800 1086.4149145169513 400 400 -0.042670820704322661
45 SIMPLE_RADIAL 800 800 1107.9153222558257 400 400 0.011679445321345501
46 SIMPLE_RADIAL 800 800 1109.9569622101949 400 400 -0.0073037820513461513
47 SIMPLE_RADIAL 800 800 1120.424883545109 400 400 -0.02678905995958961
48 SIMPLE_RADIAL 800 800 1120.0989267116263 400 400 -0.035282327630957615
49 SIMPLE_RADIAL 800 800 1112.1700687326695 400 400 -0.0025129002903924664
50 SIMPLE_RADIAL 800 800 1116.7406127161596 400 400 -0.034984148862410212
51 SIMPLE_RADIAL 800 800 1117.4047531568895 400 400 -0.012523480069112565
52 SIMPLE_RADIAL 800 800 1109.7295025439096 400 400 -0.017228457157527327
53 SIMPLE_RADIAL 800 800 1104.6682739724927 400 400 -0.014350984920525412
54 SIMPLE_RADIAL 800 800 1115.0935684717665 400 400 0.010117598449590813
55 SIMPLE_RADIAL 800 800 1094.8653139441876 400 400 0.015506053073777259
56 SIMPLE_RADIAL 800 800 1117.9191529247742 400 400 -0.038156985212601337
57 SIMPLE_RADIAL 800 800 1105.8340906458491 400 400 -0.012142731938521771
58 SIMPLE_RADIAL 800 800 1116.7293471860576 400 400 -0.025718485282280813
59 SIMPLE_RADIAL 800 800 1112.9499501017208 400 400 -0.0027376744145911156
60 SIMPLE_RADIAL 800 800 1088.268375063511 400 400 0.012746771963709679
61 SIMPLE_RADIAL 800 800 1096.8603251638451 400 400 0.0079116862126518816
62 SIMPLE_RADIAL 800 800 1108.9502508288363 400 400 0.011513853785178644
63 SIMPLE_RADIAL 800 800 1101.8392939743192 400 400 -0.0091746351652585469
64 SIMPLE_RADIAL 800 800 1114.8048071883118 400 400 -0.017611856836355501
65 SIMPLE_RADIAL 800 800 1116.5267523596308 400 400 -0.0091222237123735252
66 SIMPLE_RADIAL 800 800 1110.2413536191882 400 400 -0.0082246198098256187
67 SIMPLE_RADIAL 800 800 1121.9588134160254 400 400 -0.052194227050984789
68 SIMPLE_RADIAL 800 800 1112.9793805337952 400 400 -0.00048449081795960946
69 SIMPLE_RADIAL 800 800 1101.4737486004026 400 400 -0.01639766260360798
70 SIMPLE_RADIAL 800 800 1110.8835943765594 400 400 -0.003426173868074301
71 SIMPLE_RADIAL 800 800 1117.4551785399053 400 400 -0.015687634985814637
72 SIMPLE_RADIAL 800 800 1106.3132890478521 400 400 -0.0092813860307061381
73 SIMPLE_RADIAL 800 800 1102.1764713901596 400 400 0.0093269457278733949
74 SIMPLE_RADIAL 800 800 1106.6224333569594 400 400 -0.032104211590984907
75 SIMPLE_RADIAL 800 800 1095.1829783671747 400 400 -0.001370108686881483
76 SIMPLE_RADIAL 800 800 1106.5050570102524 400 400 0.022285807519751948
77 SIMPLE_RADIAL 800 800 1102.2260704164253 400 400 0.017265004091194101
78 SIMPLE_RADIAL 800 800 1126.3905493093409 400 400 -0.023650400003729671
79 SIMPLE_RADIAL 800 800 1099.5366869856971 400 400 0.01784871883408945
80 SIMPLE_RADIAL 800 800 1137.6296542051755 400 400 -0.041608477250371582
81 SIMPLE_RADIAL 800 800 1109.6904803655352 400 400 0.022917112668711395
82 SIMPLE_RADIAL 800 800 1108.407802554098 400 400 -0.034690207449839076
83 SIMPLE_RADIAL 800 800 1097.9590144804026 400 400 0.007747586014886388
84 SIMPLE_RADIAL 800 800 1107.0496234957097 400 400 0.014015256765864695
85 SIMPLE_RADIAL 800 800 1105.3802298093224 400 400 -0.0053267203483581792
86 SIMPLE_RADIAL 800 800 1109.2986095765343 400 400 -0.012279109347215659
87 SIMPLE_RADIAL 800 800 1113.2936423281378 400 400 0.0020966395378423422
88 SIMPLE_RADIAL 800 800 1110.8813312845707 400 400 -0.027905892351467041
89 SIMPLE_RADIAL 800 800 1095.985219157976 400 400 0.017394239083448049
90 SIMPLE_RADIAL 800 800 1106.7508773365905 400 400 0.0093089482122977896
91 SIMPLE_RADIAL 800 800 1111.7270480424665 400 400 -0.0037466191735431452
92 SIMPLE_RADIAL 800 800 1107.3243329254635 400 400 -0.0046591016752064295
93 SIMPLE_RADIAL 800 800 1190.4700366175771 400 400 0.10129233194234254
94 SIMPLE_RADIAL 800 800 1111.7984872539464 400 400 -0.023293474473779708
95 SIMPLE_RADIAL 800 800 1112.2618058419612 400 400 -0.01066766857484747
96 SIMPLE_RADIAL 800 800 1106.2918511675769 400 400 -0.016536742062660648
97 SIMPLE_RADIAL 800 800 1111.0970413035743 400 400 -0.0015692046909617783
98 SIMPLE_RADIAL 800 800 1110.5146643661733 400 400 0.011375061392856481
99 SIMPLE_RADIAL 800 800 1108.0133065511 400 400 -0.013669940280890466
100 SIMPLE_RADIAL 800 800 1095.8744138814991 400 400 0.015935351044697871
